3,2
10,133
10,76
10,231
10,236
10,216
10,72
10,240
10,2
10,3
9,5
9,7
9,2
9,3
8,10
8,17
8,7
8,12
8,18
8,2
8,3
49,4
49,3
49,1
48,4
48,3
48,1
47,5
47,4
47,3
47,2
47,1
45,4
45,3
45,1
44,4
44,3
44,2
44,1
39,4
39,3
39,2
39,1
37,3
37,1
36,3
36,1
20,3
20,2
20,1
19,3
19,2
19,1
17,3
17,2
17,1
16,3
16,2
16,1
15,3
15,2
15,1
14,2
13,2
12,3
12,2
12,1
11,30
11,29
11,28
11,27
11,26
11,25
11,24
11,23
11,22
11,21
11,20
11,19
11,18
11,17
11,16
11,15
11,14
11,13
11,12
11,11
11,10
11,9
11,8
11,5
11,4
11,3
11,2
11,1
10,312
10,305
18,1
10,288
18,3
10,285
10,282
10,278
